67
32
90
12
48
90
74
77
63
12
22
65
58
15
64
91
34
41
16
19
21
52
19
60
56
65
65
29
76
60
48
36
34
40
17
94
99
89
72
36
98
5
40
29
44
11
16
31
63
9
27
74
36
49
87
92
73
91
57
89
4
3
28
47
15
7
37
93
2
92
3
25
84
51
71
45
70
64
66
5
31
23
24
81
7
46
9
75
20
31
4
43
79
25
96
73
88
35
64
79
82
90
25
88
76
73
84
83
16
78
76
7
75
21
10
19
65
99
42
60
3
77
52
43
70
31
40
97
16
80
54
10
42
15
65
93
12
91
2
46
67
97
19
64
81
10
38
98
82
79
29
42
6
91
80
17
32
90
51
53
35
93
71
25
38
90
9
74
62
79
18
68
32
57
20
82
86
32
82
62
43
30
4
11
49
75
32
81
41
5
84
86
66
0
78
50
64
5
21
95
93
38
44
26
94
73
36
17
5
44
45
5
57
61
22
28
71
62
78
64
56
3
46
38
52
95
48
37
72
16
83
39
64
10
78
90
82
45
49
72
76
33
80
29
76
59
11
28
32
30
95
66
98
63
3
53
21
65
5
29
9
74
67
28
46
97
1
86
64
88
95
19
40
48
48
11
58
27
56
50
48
44
73
36
64
53
21
16
76
35
87
41
83
75
21
54
64
20
99
88
74
91
9
43
37
60
89
9
38
46
1
86
46
28
54
82
60
4
23
5
4
44
38
76
56
35
92
52
69
99
5
44
56
99
0
13
36
49
25
81
32
67
79
60
47
47
82
98
62
1
76
81
15
42
18
61
59
90
64
87
25
54
73
9
36
20
47
81
80
14
90
37
71
21
67
30
70
33
92
20
97
7
6
91
5
11
44
8
33
24
28
68
39
34
70
20
21
57
27
0
64
9
78
13
46
56
69
16
62
19
15
8
55
4
27
7
42
14
56
1
92
21
72
89
92
75
99
86
18
65
60
73
34
0
21
69
93
7
13
53
61
9
12
50
23
67
7
80
82
68
5
9
17
35
2
94
18
73
44
8
85
33
84
24
13
53
89
16
92
77
91
67
69
71
32
95
46
51
53
27
4
42
63
19
70
97
81
67
93
95
38
20
97
92
52
89
51
45
21
62
97
56
3
78
65
50
93
4
8
19
22
40
72
78
70
5
35
40
95
45
54
2
63
57
51
46
59
47
0
97
71
88
90
55
47
27
32
13
93
37
44
82
57
16
24
41
91
6
86
45
51
63
46
5
65
52
79
30
85
54
12
34
90
48
56
72
17
29
16
10
39
52
74
69
46
19
85
90
12
47
73
24
89
11
87
45
4
49
4
91
73
27
69
74
23
94
92
81
33
52
6
73
11
39
63
23
12
62
2
76
45
67
42
14
25
32
63
96
22
49
3
97
29
29
26
33
38
20
27
41
1
16
41
26
38
78
3
19
21
17
12
66
77
87
73
9
20
32
47
94
39
76
11
68
39
99
93
65
80
44
84
41
86
23
41
32
9
12
26
10
19
48
23
90
28
94
48
6
74
23
46
93
72
74
41
33
24
90
33
19
41
3
51
58
24
9
63
54
8
62
36
96
93
69
30
13
42
55
40
85
39
83
63
41
85
19
29
10
8
49
83
27
70
74
89
46
44
20
83
49
68
49
71
19
57
30
53
35
99
50
28
6
61
52
98
84
52
69
8
20
23
5
11
10
93
33
59
54
30
17
2
87
58
56
82
83
65
22
99
9
61
39
41
37
53
44
61
98
60
26
3
10
27
95
84
18
66
20
72
59
94
2
78
89
85
5
50
95
40
15
49
96
25
43
22
5
83
86
22
41
25
33
56
18
53
10
75
88
56
41
73
30
88
68
81
94
33
62
14
42
46
12
70
31
25
62
16
70
91
84
72
33
37
89
70
50
87
65
83
29
37
96
40
20
27
83
75
52
20
73
35
78
65
38
57
24
33
5
89
31
32
15
25
57
33
97
84
90
63
93
84
33
21
23
13
77
49
85
26
40
76
13
78
48
12
44
88
83
11
59
71
44
45
37
31
93
93
26
67
29
85
72
9
9
4
76
47
81
91
14
31
2
56
68
22
31
69
43
19
59
65
71
13
79
44
35
22
68
55
7
41
27
79
66
40
47
51
23
94
11
98
63
74
17
71
44
93
12
49
67
92
23
38
59
89
94
34
81
81
36
66
52
29
91
66
98
39
97
90
71
99
28
46
56
11
92
47
95
28
71
80
55
75
61
28
55
1
36
56
25
37
83
52
96
24
84
58
46
95
84
44
12
34
95
5
51
72
74
6
79
55
11
15
56
21
97
18
59
29
66
49
13
79
55
8
65
92
55
85
66
1
44
77
3
51
10
13
64
93
95
75
38
3
95
71
67
62
39
50
32
90
11
52
22
8
13
25
68
86
99
40
33
51
79
78
62
57
73
82
27
78
40
20
4
39
19
88
88
15
57
9
4
33
39
10
31
96
10
34
19
0
37
56
21
72
47
55
90
19
72
30
60
72
33
0
31
25
6
15
9
25
76
35
13
50
61
25
4
89
97
71
73
36
27
1
89
66
72
69
27
93
96
33
78
72
58
56
46
4
28
22
19
21
0
68
65
22
56
18
12
21
52
79
3
5
88
6
9
89
75
78
18
76
76
6
14
60
0
13
36
9
47
34
35
12
61
9
23
83
22
25
65
56
33
27
86
46
67
7
11
